0.1	2.68908
0.11	2.66761
0.12	2.64717
0.13	2.62763
0.14	2.6089
0.15	2.5909
0.16	2.57355
0.17	2.5568
0.18	2.54059
0.19	2.52488
0.2	2.50963
0.21	2.49481
0.22	2.48039
0.23	2.46634
0.24	2.45264
0.25	2.43927
0.26	2.42621
0.27	2.41344
0.28	2.40094
0.29	2.38871
0.3	2.37672
0.31	2.36498
0.32	2.35345
0.33	2.34214
0.34	2.33104
0.35	2.32013
0.36	2.30942
0.37	2.29888
0.38	2.28851
0.39	2.27832
0.4	2.26828
0.41	2.2584
0.42	2.24866
0.43	2.23907
0.44	2.22962
0.45	2.22031
0.46	2.21112
0.47	2.20206
0.48	2.19312
0.49	2.1843
0.5	2.17559
0.51	2.167
0.52	2.15851
0.53	2.15012
0.54	2.14184
0.55	2.13366
0.56	2.12557
0.57	2.11758
0.58	2.10968
0.59	2.10186
0.6	2.09414
0.61	2.08649
0.62	2.07893
0.63	2.07145
0.64	2.06405
0.65	2.05673
0.66	2.04948
0.67	2.0423
0.68	2.0352
0.69	2.02816
0.7	2.02119
0.71	2.01429
0.72	2.00746
0.73	2.00069
0.74	1.99398
0.75	1.98733
0.76	1.98075
0.77	1.97422
0.78	1.96775
0.79	1.96134
0.8	1.95498
0.81	1.94867
0.82	1.94242
0.83	1.93623
0.84	1.93008
0.85	1.92399
0.86	1.91794
0.87	1.91194
0.88	1.90599
0.89	1.90009
0.9	1.89424
0.91	1.88843
0.92	1.88266
0.93	1.87694
0.94	1.87126
0.95	1.86562
0.96	1.86003
0.97	1.85448
0.98	1.84896
0.99	1.84349
1	1.83806
1.01	1.83266
1.02	1.8273
1.03	1.82198
1.04	1.8167
1.05	1.81145
1.06	1.80624
1.07	1.80106
1.08	1.79592
1.09	1.79082
1.1	1.78574
1.11	1.7807
1.12	1.77569
1.13	1.77072
1.14	1.76577
1.15	1.76086
1.16	1.75598
1.17	1.75113
1.18	1.74631
1.19	1.74152
1.2	1.73675
1.21	1.73202
1.22	1.72732
1.23	1.72264
1.24	1.71799
1.25	1.71337
1.26	1.70878
1.27	1.70421
1.28	1.69967
1.29	1.69516
1.3	1.69067
1.31	1.6862
1.32	1.68176
1.33	1.67735
1.34	1.67296
1.35	1.6686
1.36	1.66426
1.37	1.65994
1.38	1.65565
1.39	1.65137
1.4	1.64713
1.41	1.6429
1.42	1.6387
1.43	1.63452
1.44	1.63036
1.45	1.62622
1.46	1.62211
1.47	1.61801
1.48	1.61394
1.49	1.60988
1.5	1.60585
1.51	1.60184
1.52	1.59784
1.53	1.59387
1.54	1.58992
1.55	1.58598
1.56	1.58207
1.57	1.57817
1.58	1.57429
1.59	1.57044
1.6	1.5666
1.61	1.56277
1.62	1.55897
1.63	1.55518
1.64	1.55141
1.65	1.54766
1.66	1.54393
1.67	1.54021
1.68	1.53651
1.69	1.53283
1.7	1.52916
1.71	1.52551
1.72	1.52188
1.73	1.51826
1.74	1.51466
1.75	1.51107
1.76	1.5075
1.77	1.50395
1.78	1.50041
1.79	1.49689
1.8	1.49338
1.81	1.48988
1.82	1.48641
1.83	1.48294
1.84	1.47949
1.85	1.47606
1.86	1.47264
1.87	1.46923
1.88	1.46584
1.89	1.46246
1.9	1.45909
1.91	1.45574
1.92	1.45241
1.93	1.44908
1.94	1.44577
1.95	1.44247
1.96	1.43919
1.97	1.43592
1.98	1.43266
1.99	1.42941
2	1.42618
2.01	1.42296
2.02	1.41975
2.03	1.41656
2.04	1.41338
2.05	1.4102
2.06	1.40705
2.07	1.4039
2.08	1.40076
2.09	1.39764
2.1	1.39453
2.11	1.39143
2.12	1.38834
2.13	1.38527
2.14	1.3822
2.15	1.37915
2.16	1.3761
2.17	1.37307
2.18	1.37005
2.19	1.36704
2.2	1.36404
2.21	1.36105
2.22	1.35807
2.23	1.35511
2.24	1.35215
2.25	1.3492
2.26	1.34627
2.27	1.34334
2.28	1.34043
2.29	1.33752
2.3	1.33462
2.31	1.33174
2.32	1.32886
2.33	1.326
2.34	1.32314
2.35	1.3203
2.36	1.31746
2.37	1.31463
2.38	1.31181
2.39	1.30901
2.4	1.30621
2.41	1.30342
2.42	1.30064
2.43	1.29786
2.44	1.2951
2.45	1.29235
2.46	1.2896
2.47	1.28687
2.48	1.28414
2.49	1.28143
2.5	1.27872
2.51	1.27602
2.52	1.27332
2.53	1.27064
2.54	1.26797
2.55	1.2653
2.56	1.26264
2.57	1.25999
2.58	1.25735
2.59	1.25472
2.6	1.25209
2.61	1.24948
2.62	1.24687
2.63	1.24427
2.64	1.24167
2.65	1.23909
2.66	1.23651
2.67	1.23394
2.68	1.23138
2.69	1.22883
2.7	1.22628
2.71	1.22374
2.72	1.22121
2.73	1.21869
2.74	1.21617
2.75	1.21366
2.76	1.21116
2.77	1.20867
2.78	1.20618
2.79	1.2037
2.8	1.20123
2.81	1.19876
2.82	1.1963
2.83	1.19385
2.84	1.19141
2.85	1.18897
2.86	1.18654
2.87	1.18412
2.88	1.1817
2.89	1.17929
2.9	1.17689
2.91	1.17449
2.92	1.1721
2.93	1.16972
2.94	1.16734
2.95	1.16497
2.96	1.16261
2.97	1.16026
2.98	1.15791
2.99	1.15556
3	1.15322
3.01	1.15089
3.02	1.14857
3.03	1.14625
3.04	1.14394
3.05	1.14163
3.06	1.13933
3.07	1.13704
3.08	1.13475
3.09	1.13247
3.1	1.13019
3.11	1.12793
3.12	1.12566
3.13	1.1234
3.14	1.12115
3.15	1.11891
3.16	1.11667
3.17	1.11443
3.18	1.11221
3.19	1.10998
3.2	1.10777
3.21	1.10555
3.22	1.10335
3.23	1.10115
3.24	1.09896
3.25	1.09677
3.26	1.09458
3.27	1.09241
3.28	1.09023
3.29	1.08807
3.3	1.08591
3.31	1.08375
3.32	1.0816
3.33	1.07945
3.34	1.07731
3.35	1.07518
3.36	1.07305
3.37	1.07093
3.38	1.06881
3.39	1.06669
3.4	1.06459
3.41	1.06248
3.42	1.06038
3.43	1.05829
3.44	1.0562
3.45	1.05412
3.46	1.05204
3.47	1.04997
3.48	1.0479
3.49	1.04584
3.5	1.04378
3.51	1.04172
3.52	1.03967
3.53	1.03763
3.54	1.03559
3.55	1.03356
3.56	1.03153
3.57	1.0295
3.58	1.02748
3.59	1.02547
3.6	1.02346
3.61	1.02145
3.62	1.01945
3.63	1.01745
3.64	1.01546
3.65	1.01347
3.66	1.01149
3.67	1.00951
3.68	1.00754
3.69	1.00557
3.7	1.0036
3.71	1.00164
3.72	0.999683
3.73	0.99773
3.74	0.995783
3.75	0.993839
3.76	0.9919
3.77	0.989965
3.78	0.988035
3.79	0.986109
3.8	0.984187
3.81	0.982269
3.82	0.980355
3.83	0.978446
3.84	0.976541
3.85	0.97464
3.86	0.972743
3.87	0.97085
3.88	0.968961
3.89	0.967077
3.9	0.965196
3.91	0.96332
3.92	0.961447
3.93	0.959579
3.94	0.957714
3.95	0.955854
3.96	0.953997
3.97	0.952145
3.98	0.950296
3.99	0.948451
4	0.94661
